00001
00010
00100
01000
10000
-
100001
100010
000101
001001
110000
000110
001010
010100
011000
-
11100001
11100010
10100101
11001001
01110001
01011010
10100110
01011001
00011101
00110110
11001010
00110101
10001101
01110010
10001110
00011110
-
0000001
1100010
1100100
1001010
0110010
0011100
0110100
1001100
0011010
-
10000001
01100010
01100100
11001010
00110011
00011100
00110101
11001100
00011010
-
110000001
001100010
101100100
011001010
000110011
000011100
100110101
111001100
010011011
-
1110000001
1001100010
1111100100
1101001011
1010110011
0000011011
0110011101
0010110100
0101001100
0001111110
-
111110000001
111001100010
101101100100
110011001010
011000110011
010010011011
000110011101
001100110101
100111001100
000001111110
-
000001
000010
100100
101000
010100
011000
-
1000001
1000010
0100101
0101001
0010100
0100110
0101010
0011000
-
1111000001
1111000010
1010100101
1100101001
0011010101
0101011010
1010100110
0101011001
0000111101
0011010110
1100101010
0000111110
-
0000001
1000010
0100100
1101000
0010110
0011000
-
10000001
01000010
00100100
11101000
00010111
00011000
-
10000001
01000010
10100100
01101000
00010110
00111100
00011001
-
110000001
101000010
010100100
001101000
000010110
000011001
-
000000001
111000010
110100100
101101000
010010110
000111100
001011010
-
1000000001
0111000010
0110100100
1101101000
0010010111
0000111100
0001011010
-
111000000001
000111000010
110110100100
101101101000
010010010111
000000111100
001001011011
-
1111111000000001
1111000111000010
1010110110100100
1100101101101000
0011010010010111
0101001001011011
0000111000111101
0000000111111110
-
