000001
000010
000100
001000
010000
100000
-
1111000001
1111000010
1011000101
1101001001
1110010001
0111100001
1011000110
0100111001
0000111101
0010110110
1101001010
0010110101
1001001101
0110110010
1001001110
0110110001
0000111110
0001101110
1110010010
0001101101
1010010101
0101101010
1010010110
0101101001
1100011001
0011100110
1100011010
0011100101
1000011101
0111100010
1000011110
0100111010
-
0000001
1000010
1000100
0001010
0010010
1100000
0001100
0010100
0101000
0110000
-
10000001
01000010
01000100
00001010
10010010
01100001
00001100
10010100
00101001
00110000
-
111110000001
111101000010
101111000100
110100001011
111000010011
011111100000
000010111101
001011110100
100110001101
011001110010
100101001110
011010110001
000001111110
000111101100
101010010101
010101101010
101001010110
010110101001
100000011111
010000111011
-
000000001
111000010
111000100
101001010
110010010
011100010
010110100
101001100
010110010
000111010
001101100
110010100
001101010
100011010
011100100
100011100
000111100
-
1000000001
0111000010
0111000100
0101001010
1110010010
0011100011
0010110100
0101001100
0010110010
0000111010
0001101101
1110010100
0001101011
1100011010
0011100101
1100011100
0000111100
-
11000000001
00111000010
00111000100
10101001010
01110010010
00011100011
01010110101
10101001100
01010110011
00000111010
10001101101
01110010100
10001101011
11100011010
00011100101
11100011100
00000111100
-
111000000001
000111000010
100111000100
010101001010
001110010010
000011100011
101010110101
110101001100
001010110011
011000111011
110001101101
101110010100
010001101011
011100011010
100011100101
111100011100
000000111100
-
1111111000000001
1111000111000010
1011100111000100
1101010101001010
1110001110010010
0111000011100011
0000111000111101
0010101010110101
1001110101001100
0110001010110011
0000000111111110
0001110001101101
1010101110010100
0101010001101011
1100011100011010
0011100011100101
1000111100011100
0100011000111011
-
00000001
00000010
11000100
11001000
10010100
01100100
00111000
01101000
10011000
00110100
-
100000001
100000010
011000101
011001001
010010101
001100100
011001010
000110100
000111000
010010110
001101000
010011001
010011010
011000110
-
1100000001
1100000010
0011000101
1011001001
0010010101
0101100101
0100110110
1011001010
0100110101
0000111000
0010010110
0001101000
1010011001
0101100110
1010011010
0011000110
-
11111100000001
11111100000010
11010011000101
10011011001001
11100010010101
01010101100101
11010011000110
00101100111001
00000011111101
01100100110110
10011011001010
01100100110101
00000011111110
00011101101010
11100010010110
00011101101001
10101010011001
01010101100110
10101010011010
00101100111010
-
000000001
100000010
011000100
011001000
110010100
001100110
000111000
001101010
110011000
000110100
-
1000000001
0100000010
0011000100
0011001000
1110010100
0001100111
0000111000
0001101011
1110011000
0000110100
-
1000000001
0100000010
0011000100
1011001000
0110010101
0001100110
0000111000
1001101010
0110011000
0000110101
-
11000000001
10100000010
01011000101
01011001000
00110010101
00001100110
00000110101
00000111000
11001101010
00110011000
00111000110
-
1000000001
1100000010
0011000101
0011001001
0110010100
0001100110
0111001010
0000110100
0000111000
0001101010
0110011000
0111000110
-
11000000001
10100000010
01011000101
00011001000
01110010100
00001100111
00100110110
01000110101
00000111000
10001101011
11110011000
00111000110
-
11000000001
10100000010
01011000100
01011001000
00110010100
00001100110
00000111001
00001101010
00110011000
00000110101
-
111000000001
110100000010
101011000101
001011001000
100110010101
000001100110
010100111010
000000110101
100111000110
011001101010
000110011000
011000111001
-
1111111000000001
1111110100000010
1101001011000101
1001101011001001
1110001110010100
0101010001100111
1101000111000110
0010111000111001
0000001011111101
0110010100110110
1001100111001010
0110011000110101
0000000111111110
0001110001101011
1010101110011000
0010110100111010
-
0000000001
1100000010
0011000100
1011001000
0110010100
0001100110
0000111000
1001101010
1110011000
0100110110
-
10000000001
01100000010
00011000100
01011001000
10110010100
00001100111
00000111000
01001101011
11110011000
00100110110
-
110000000001
001100000010
000011000100
101011001000
010110010100
000001100111
000000111000
101001101011
111110011000
010100110111
-
110000000001
001100000010
000011000100
111011001000
100110010101
010001100111
000000111000
011001101010
101110011000
000100110111
-
110000000001
001100000010
110011000100
101011001000
000110010100
010001100110
010100110111
000000111001
001001101010
101110011001
000011111100
-
10000000001
11100000010
00011000100
01011001000
00110010100
00001100110
00100110110
00000111001
01001101010
01110011000
01100111010
-
110000000001
101100000010
010011000100
001011001000
000110010100
010001100110
000000111001
001001101010
101110011001
000100110110
-
1110000000001
1001100000010
0110011000100
0101011001000
0000110010100
0010001100110
0000000111001
0001001101010
1101110011001
1010100110111
-
111111110000000001
111111001100000010
110100110011000101
100110111011001000
111000100110010101
010101010001100111
110100001111000110
001011110000111001
000000110011111101
011001000100110111
000000001111111110
000111011001101010
101010101110011000
001011001100111010
-
00000000001
11100000010
10011000100
11111001000
11010010110
10101100110
00000110110
01100111010
00101101000
01010011000
00011111100
-
1100000000001
0011100000010
0010011000100
1111111001000
1011010010111
0110101100111
0000000110111
0001100111010
0100101101000
1001010011000
0000011111100
-
11100000000001
00011100000010
10010011000100
11111111001000
11011010010111
10110101100111
00000000110111
01101100111011
00100101101000
01001010011000
00000011111100
-
111100000000001
100011100000010
010010011000100
111111111001000
111011010010111
110110101100111
011100011111101
000000000110111
000011111111110
000100101101000
001001010011000
101101100111011
-
11111111100000000001
11111100011100000010
11010011110011000100
10011001011111001000
11100010011010010110
01010100110101100110
00000011100011111101
01100110100000110111
00000000011111111110
00011101100101101001
10101011001010011001
00101100001100111011
-
0000000000001
1111100000010
1110011000100
1011011001000
1100110010100
0110001100110
0100100110110
0001100111010
0011001101010
1001110011000
0000011111100
-
10000000000001
01111100000010
01110011000100
01011011001000
11100110010100
00110001100111
00100100110110
00001100111010
00011001101011
11001110011000
00000011111100
-
110000000000001
001111100000010
001110011000100
101011011001000
011100110010100
000110001100111
010100100110111
000001100111010
100011001101011
111001110011000
000000011111100
-
1110000000000001
0001111100000010
1001110011000100
1111011011001000
1101100110010101
1010110001100111
0000100100110111
0110001100111011
0010011001101010
0101001110011000
0000000011111100
-
111110000000000001
000001111100000010
111001110011000100
101101011011001000
110011100110010100
011000110001100111
010010100100110111
000110001100111011
001100011001101011
100111001110011000
000000000011111100
-
10000000000001
11111100000010
01110011000100
01011011001000
01100110010100
00110001100110
00100100110110
00001100111010
00011001101010
01001110011000
00000011111101
-
1110000000000001
1101111100000010
0001110011000100
0111011011001000
1001100110010101
0000110001100110
1000100100110111
0000001100111010
0110011001101010
0001001110011000
0010000011111101
-
111110000000000001
111001111100000010
000001110011000100
101111011011001000
110101100110010101
011010110001100111
010000100100110111
000000001100111010
001010011001101010
100101001110011000
000110000011111101
-
11111110000000000001
11110001111100000010
10001001110011000100
11011111011011001000
11101101100110010101
10111010110001100111
00001110000011111101
00100000100100110111
00000001111111111110
00010010011001101010
01000101001110011000
01110110001100111011
-
111111111110000000000001
111111000001111100000010
110100111001110011000100
100110101101011011001000
111000110011100110010100
010101011000110001100111
000000111110000011111101
011001010010100100110111
000000000001111111111110
000111001100011001101011
101010100111001110011000
001011000110001100111011
-
0000001
0000010
0000100
1001000
1010000
0101000
0110000
-
110000001
110000010
100000101
001001001
001010001
010101000
000110100
010110000
100000110
001010010
000101100
001001010
-
10000001
10000010
10000100
01001001
01010001
00101001
01001100
00110010
00110001
01001010
01010010
00101100
01010100
00101010
00110100
-
10000001
10000010
00000101
01001000
01010000
00101000
00000110
00110000
-
111110000001
111110000010
101110000101
110101001001
111001010001
010110101001
101110000110
010001111001
000001111101
001010110110
110101001010
001010110101
100101001101
011010110010
100101001110
011010110001
000001111110
000110101110
111001010010
000110101101
101001010101
010110101010
101001010110
010001111010
-
00000001
10000010
10000100
01001010
01010010
00101000
01001100
01010100
00110000
-
100000001
010000010
010000100
001001010
101010010
000101001
001001100
101010100
000110000
-
100000001
010000010
110000100
001001010
001010011
000101000
000110001
010110100
001010100
101001100
-
100000001
110000010
110000100
001001010
001010010
000101001
010110010
000110001
010110100
010101100
001010100
010101010
001001100
-
1100000001
1010000010
1010000100
0001001010
0101010010
0000101001
0010110010
0100110001
0010110100
0101010100
0001001100
-
1100000001
1010000010
1110000100
0001001010
1001010011
0100101001
0000110001
0010110100
0110101100
0001010100
0010101010
0101001100
-
11111100000001
11111010000010
10111110000100
11010001001011
11100001010011
01011100101001
00000101111101
00101110110100
10010101001101
01101010110010
10010011001110
01101100110001
00000011111110
00011110101100
10100101010101
01011010101010
10100011010110
01000001111011
-
00000000001
11110000010
11110000100
10101001010
11001010010
00110101010
01010110100
10101001100
01010110010
00001111010
00110101100
11001010100
00001111100
-
100000000001
011110000010
011110000100
010101001010
111001010010
000110101011
001010110100
010101001100
001010110010
000001111010
000110101101
111001010100
000001111100
-
11100000000001
00011110000010
00011110000100
11010101001010
10111001010010
01000110101011
00101010110101
11010101001100
00101010110011
00000001111010
01000110101101
10111001010100
00000001111100
-
100000000001
011110000010
111110000100
010101001011
011001010011
000110101010
101010110100
010101001100
001010110010
000001111011
100110101100
011001010100
000001111100
-
1100000000001
0011110000010
1011110000100
0110101001010
0111001010011
0000110101010
1001010110101
1110101001100
0001010110011
0100001111011
1000110101100
0011001010100
0000001111100
-
111100000000001
000011110000010
100011110000100
011010101001010
010111001010010
001000110101011
100101010110101
111010101001100
000101010110011
011100001111011
101000110101101
110111001010100
000000001111100
-
11100000000001
00011110000010
11011110000100
00110101001010
10111001010011
01100110101011
11001010110101
11110101001100
00001010110011
00100001111011
01000110101100
10011001010100
00000001111100
-
1111100000000001
1000011110000010
1111111110000100
1101010101001011
1110011001010011
1001100110101011
0111100001111101
0010101010110100
0101010101001100
1010101010110011
0000011111111110
0001100110101100
0110011001010100
0000000001111011
-
11111111100000000001
11111000011110000010
10111100011110000100
11010011010101001010
11100010111001010010
01011001000110101011
00000111100001111101
00101100101010110101
10010111010101001100
01101000101010110011
00000000011111111110
00011101000110101101
10100110111001010100
01000011100001111011
-
00000001
00000010
10000100
01001000
11010000
00101100
00110000
-
000000001
100000010
010000100
001001000
111010000
000101110
000110000
-
1000000001
0100000010
0010000100
0001001000
1111010000
0000101111
0000110000
-
1000000001
0100000010
0010000100
1001001000
0111010000
0000101110
0001111000
0000110001
-
1000000001
1100000010
0010000101
0001001001
0111010000
0000101110
0101001010
0010110100
1000110000
0001111000
0110000110
-
11000000001
10100000010
01010000100
01001001001
00111010000
00000101110
00010110100
10000110001
00001111001
00101001010
-
111000000001
110100000010
101010000100
001001001001
000111010000
000000101110
010000110001
000101001010
000010110100
-
111000000001
110100000010
001010000101
001001001001
101111010000
010000101111
000101001010
000010110100
110000110000
000001111000
000110000110
-
000000001
100000010
010000100
101001000
011010000
000101100
001111000
000110010
-
1000000001
0100000010
1010000100
0101001001
0011010000
0000101100
0000110010
0001111001
0111001100
-
0000000001
1100000010
1010000100
0101001000
0011010000
0000101100
0000110010
-
10000000001
01100000010
01010000100
00101001000
10011010000
00000101101
00011111100
00000110010
-
110000000001
001100000010
101010000100
010101001000
000011010000
000000101100
000000110011
-
0000000001
0000000010
1110000100
1101001000
1011010000
0100101100
0001111000
0010110100
-
10000000001
10000000010
01110000101
01101001001
01011010001
00100101100
01101001010
00010110100
00001111000
01011010010
01110000110
-
110000000001
110000000010
101110000101
001101001001
001011010001
000100101100
010001111010
001101001010
000010110100
101110000110
001011010010
010001111001
-
111111110000000001
111111110000000010
101010101110000101
110011001101001001
111100001011010001
000011110100101101
101010101110000110
010101010001111001
000000001111111101
001100110010110110
110011001101001010
001100110010110101
000000001111111110
000011110100101110
111100001011010010
010101010001111010
-
00000000001
10000000010
01110000100
01101001000
11011010000
00100101110
00001111000
00010110100
-
100000000001
010000000010
001110000100
001101001000
111011010000
000100101111
000001111000
000010110100
-
100000000001
010000000010
001110000100
101101001000
011011010000
000100101110
000001111000
000010110101
-
100000000001
110000000010
001110000101
001101001001
011011010000
000100101110
011101001010
000010110100
000001111000
011110000110
-
1100000000001
1010000000010
0101110000100
0101101001001
0011011010000
0000100101110
0000010110100
0000001111001
0011101001010
-
1100000000001
1110000000010
1001110000101
0001101001001
0011011010000
0000100101110
0110001111010
0011101001010
0000010110100
1011110000110
0100001111001
-
11100000000001
11010000000010
00101110000100
10101101001001
00011011010000
00000100101110
10011101001010
01100010110101
00000001111001
01010010110110
-
11100000000001
11010000000010
00101110000101
00101101001001
10111011010000
01000100101111
00011101001010
00000010110100
00000001111000
00011110000110
-
0000000000001
1110000000010
0001110000100
1101101001000
1011011010000
0100100101110
0000001111000
0010010110110
-
10000000000001
01110000000010
00001110000100
01101101001000
11011011010000
00100100101111
00000001111000
00010010110110
-
1110000000000001
0001110000000010
0000001110000100
1101101101001000
1011011011010000
0100100100101111
0000000001111000
0010010010110111
-
10000000000001
01110000000010
10001110000100
01101101001000
01011011010000
00100100101110
00010010110110
00000001111001
00001111111100
-
1110000000000001
0001110000000010
1100001110000100
1011101101001000
0001011011010000
0000100100101110
0100010010110111
0010000001111001
0000001111111100
-
110000000000001
101110000000010
010001110000100
001101101001000
001011011010000
000100100101110
000000001111001
000010010110110
-
110000000000001
111110000000010
100001110000101
001101101001000
001011011010000
000100100101110
010000001111001
000001111111101
000010010110110
011110001111010
101111110000110
-
111110000000000001
110001110000000010
001100001110000100
101011101101001000
000001011011010000
000000100100101110
000010000001111001
010100010010110111
-
00000000000000001
11111110000000010
11110001110000100
10101101101001000
11001011011010000
00110100100101110
01010010010110110
00001110001111010
00000001111111100
-
100000000000000001
011111110000000010
011110001110000100
010101101101001000
111001011011010000
000110100100101111
001010010010110110
000001110001111010
000000001111111100
-
11100000000000000001
00011111110000000010
00011110001110000100
11010101101101001000
10111001011011010000
01000110100100101111
00101010010010110111
00000001110001111010
00000000001111111100
-
111111100000000000000001
000000011111110000000010
111100011110001110000100
101011010101101101001000
110010111001011011010000
001101000110100100101111
010100101010010010110111
000011100001110001111011
000000000000001111111100
-
11111111111111100000000000000001
11111111000000011111110000000010
10101010111100011110001110000100
11001100101011010101101101001000
11110000110010111001011011010000
00001111001101000110100100101111
00000000111111100000001111111101
00110011010100101010010010110111
00000000000000011111111111111110
01010101000011100001110001111011
-
